604725984
546242201
1220027337
416833282
604131924
9589982
568388269
32845120
99492872
627913789
330187690
361038841
419221934
907385007
87329263
472717047
472361385
2314690366
157035621
745523717
634348299
1157855937
340039664
826513353
241802073
1604958748
1050313207
898995797
353558799
274163347
657836167
130147789
100010796
390454401
511531249
490122173
549968676
493614166
979523123
13370900816
896682829
690016481
1370541193
450451753
631157869
35680946
381367060
923062727
741462662
343002115
1411567104
2801626947
1045561303
99699254
469956890
1048518928
1600754626
15006600126
491956804
461040650
804459139
472091777
1013769756
18617513368
1029047397
513516131
7872322
271873899
523557019
522127027
451368165
1397524318
393771477
492944626
479263067
3599067
376466745
271535527
1428654860
627789898
515217513
844291680
411578060
123346082
735738600
491337134
1216187498
82262177
276568211
806028885
945007565
469536945
986476952
23531040
945541588
915270983
646199164
450651313
477959129
951486470
2210854026
339425009
1750478889
516253099
174973799
1303936274
244921132
117818613
1280330452
1814980139
1979782517
173317375
601475141
29769930
1041642368
872012907
631533320
491739848
543938441
1836112427
986242413
162087987
87329263
1782914379
1046250458
898995797
524495236
1067995210
992692042
395935865
356302608
18668979173
15320380469
1136354555
2042478695
2544606435
491337134
1085808085
284842626
390623412
1170882886
853074203
254067950
2977815426
1596333528
89261025
604495828
136323964
505267074
948614102
286307989
2413411356
554202397
2991963384
790364172
488658730
496389200
427858
983003
5665241
6240384
7817782
9778709
12652217
26378657
34186660
36440284
41047027
47184581
47810014
51451324
53981213
55341893
58260821
66947866
68196880
68891320
77066213
81262595
85125987
88315564
123151147
137467595
159034565
172159863
184766187
215395944
228664281
245905565
248382733
249640523
254380625
273279407
275664307
276188866
296158659
304301854
305369678
315178604
326398098
332172073
345505345
353992482
359507065
360362718
360942825
361897881
327774757
332168068
362748321
364154691
368319624
374845467
376234810
377739694
401015258
412455348
419222421
434990177
449333159
380337999
384562946
403082078
403105050
415802099
416121374
421006285
421219034
445809995
446419870
449783627
452746285
460560216
462660431
466566858
470209552
490569956
494689505
499775398
501252708
511608020
516356837
516861871
520291755
526131330
534830514
535873373
542149664
543010225
549504673
568863988
571362416
572038093
574804693
591871287
592075396
592770552
593029624
595593310
597279025
602556651
614907553
616695907
616706163
617809611
630278998
632049349
632201440
635940306
648226460
664545320
690896563
691249323
695644417
709173951
714738717
719085500
719258471
723273261
735703380
735893367
736727508
747898178
752165360
752986543
758629202
759218375
763184349
764152117
768395688
771774030
773608877
781018531
790824783
798194733
798962823
799329429
810948698
811605789
813430657
820667510
820790671
821055410
821128155
834596725
836050054
837634992
839991492
840308618
847548579
847701255
850434439
858666629
863217628
876081616
878687986
894833063
898375700
898901601
903009208
903966309
904189852
904712238
904926079
907105408
907419065
909714493
912068880
915497735
915984174
917912307
919765323
919951239
923252944
925256822
925504137
928987151
934201872
935824653
937471535
963200792
963229855
963881291
971434003
972058420
973041072
983412654
983645147
984786704
987304304
995910797
995997590
1003204930
1003320441
1009167163
1013301628
1014743446
1015770569
1016247063
1018644513
1019181071
1021255619
1023185976
1025314637
1026241675
1026997380
1030561325
1032105036
1032360535
1037089962
1046936243
1048288084
1048611295
1054320072
1055117812
1062563845
1064015355
1065833262
1072953441
1079318000
1084041971
1095574179
1095809052
1103638909
1106335499
1114596275
1119621362
1123130255
1125722198
1131399040
1132035903
1134206915
1139692967
1148803895
1149498047
1149558575
1152625061
1152812741
1156159487
1159332398
1173676478
1183305356
1187454937
1195512353
1195753668
1197482024
1198456406
1198584202
1205421121
1245144295
1252227130
1254047620
1254846254
1256773919
1258284567
1259883054
1261087583
1261144321
1262417064
1272254859
1276454225
1281303220
1292327844
1301955898
1302633523
1305777047
1309600016
1334268472
1334386136
1342139556
1343920076
1347388548
1352376783
1355535590
1357092461
1362113396
1371692413
1372686353
1376700158
1394698554
1395615884
1399380666
1413001642
1421401245
1425903412
1432035361
1434728085
1447590148
1449592254
1466016182
1484322980
1501694943
1530007254
1536103820
1552135102
1561135754
1563595497
1577436692
1585652402
1620017269
1623177780
1661292085
1684718678
1725600281
1741527036
1754180472
1755914079
1763131823
1792433981
1807843268
1808303723
1816970461
1817752727
1835629635
1845476934
1846710223
1908077059
1957599914
1961722062
1965918476
1972434244
1978581981
1981555455
1987517268
1991479837
1992514604
2022099930
2060243858
2084840876
2209183455
2217923564
2242186657
2277082125
2278892581
2289288952
2297696466
2320056984
2320560496
2354341734
2435492533
2441143162
2452887198
2454203240
2461647774
2494423757
2509803423
2512362655
2524297611
2524943087
2540442606
2541329984
2570708726
2579914803
2625458797
2677523520
2810028120
2931529984
2951792700
2993785703
3030814884
3077097797
3161939041